colcafe.light_orange = [230 132 88]/255
colcafe.light_blue = [107 145 192]/255
colcafe.light_green = [175 196 100]/255
colcafe.mid_orange = [235 124 83]/255
colcafe.light_red = [208 97 104]/255
colcafe.mid_red = [220 86 95]/255

colhsv.orangee = [223 117 85]/255


colors.green = [97, 231, 134]/255
colors.blue = [27, 152, 224]/255
colors.orange = [248, 102, 36]/255
colors.pink = [239, 71, 111]/255

colors.light_blue = [0, 247, 255]/255

